z =

 Columns 1 through 10:

   1.1006837  -0.2446078  -0.9224318   0.2957057  -0.0763889  -0.0958731   1.2708547  -0.7438772  -0.7467157   0.9012685
   1.5402043  -1.5981229   0.0548296  -0.8882610  -0.0563045  -0.3807180   0.4583988   1.7627435  -0.4900252   1.0182499
   0.2590220  -0.1142841  -0.0612609  -2.4409740   1.0874940   0.3389495   0.0672221  -1.1897813   1.3345228  -0.4037886
  -0.2081155  -0.6567192  -0.8834513  -0.5920768  -1.0834212  -0.2980170  -0.9053366   0.1646542   1.5297514  -0.6015968
   0.4436997  -0.5746829  -2.9692629   0.4009554   0.2780933   0.0315732  -0.1940869  -0.3237685   1.2500987   1.4362211
   0.5522488  -0.3079869  -0.6560009  -2.1698307  -1.1562786  -0.1674062  -0.2647933  -0.7425231   0.9166742  -0.1196760
   1.0285869  -0.1663332  -0.7872035   0.7978694   0.2624641   0.0250495  -0.9399391   0.5124175   1.1088207   0.8674829
  -0.3666743  -0.4009315  -1.2760318   0.3215091  -0.3773412  -1.1004847   1.3290088   0.1739595  -0.0924360   0.1925883
  -0.3252339  -0.1179589  -1.8095788   0.3808942   1.0889818  -1.7747551   0.3038623  -1.0815071  -0.4564000   0.7291831
   0.3655361  -0.3010662   0.2069514  -0.0543645  -0.6068589  -1.6085230   2.1185479   0.2470319  -1.3197147  -0.2951302
   0.2623293  -0.5206858   1.2114129  -2.6275945   0.9975744  -1.1082714  -1.2438978  -0.3030639  -1.1856370  -1.2362352
   2.0739467   0.7068909   0.4119465   0.9686070   0.5488616   2.7904473   0.8195767   0.3754930  -1.0519059   0.7618288
   0.5758403   0.6773001  -0.1418521   1.3039821   1.1769165  -0.1384550   0.3660493   0.7752457   1.0166539  -0.4630151
   0.6820585   0.5064203   0.5088269   0.2947616  -1.4320850   0.2734986  -0.7346619  -1.7516840   1.3139185  -0.5202328
  -0.0732770   0.5329420   1.2057210  -0.5300539  -1.1791725  -1.6067600   0.7526651  -0.4560575  -0.6751421  -1.1852480
  -0.6975381   1.5967564   1.1684955  -0.7635375   1.9241520   1.0876695   1.8459660  -0.2546488  -0.1113672   0.6188197
  -0.2855089  -0.3755037  -0.7909512  -0.0101498   1.6260941  -0.6814615  -0.1465628  -1.0522676   0.4623617   1.0032448
   0.7572178  -0.1694714  -1.3351325   0.5693161   0.7557254  -0.2809457  -0.7969817   0.4461501   0.7276789  -0.1257662
   0.9909836  -1.1368917  -0.0243748  -0.7916577  -1.3605349   1.4934298  -0.8706913  -0.3496332  -0.0559624  -0.5601715
  -1.6645274   0.2390407  -1.0791287  -0.1340565  -0.4605945  -1.7245543  -0.9039941  -1.1480030   0.0025806  -1.9994971

 Columns 11 through 20:

  -0.3150959  -0.6628952   0.5393894   0.5600915   0.1104250   0.7377430   0.7031304   0.5990885   1.7018634   0.4898728
   1.7714490  -1.1213364  -0.5170532  -0.8145070   0.9676991   2.2040548   0.7382419  -2.4447731   0.4978908  -0.6239715
  -0.9868327  -0.6186798  -0.0658187   0.3112935   0.5806403  -0.7147347  -0.3912178   0.6866685  -0.1187557   0.0283445
  -1.3223881  -0.1710095   0.7880268   0.1026386  -1.2803790  -1.0939947  -0.1962552   0.7094109  -1.3844159  -0.4821169
  -0.2854040  -1.3860649   0.3554754   2.1552088   0.8676800  -0.6052411  -0.5113532  -1.0444939   0.5967814  -0.5314403
   1.5354799   0.1258018  -1.1902200   0.0480910   0.4745130  -0.3243482   0.3499433   0.5165792   1.2095975  -0.8418620
   1.3891315   0.7260106  -0.8494045   0.7353012   0.3002851   0.8099338   0.3989144   0.3126402   0.0820616   0.8679200
  -2.1577728   0.1509348   0.3050324   1.0432765   1.3608739  -0.1911618   0.2988871  -0.4142259  -0.1323650  -1.1140095
   0.1926536   0.5496131  -1.7663859  -0.3802737  -1.4457215   0.1528297  -0.6473953   0.8500622   0.5307295  -0.5213847
   1.7905943  -0.9918416   0.8555364  -0.8431401   0.9261375   0.2115987   0.1062805   1.4096880  -0.0428506  -0.9919529
  -2.0652681   0.3975250   0.1727130   0.3693064   0.4013116   0.2608654  -1.7959595   0.9159330   1.1515009  -0.3227889
  -0.7888474  -0.3716412   2.4513237  -0.9421077   0.3750249  -0.9291302  -0.7620034  -0.7694505   0.6989143   0.1680661
   0.8583814  -1.2014683  -0.9886473   0.9872094  -1.1367608   0.6459620  -2.3670363   1.3882621   0.8369228  -1.1921125
  -0.6992993   0.1338129   0.9282540  -0.4871792   1.3219309  -0.3426032  -1.5587038  -0.7008055   0.5877118  -0.9443862
  -0.6743345   1.6724401  -1.2304192   0.1835322   0.3143847   0.5348997  -1.0120183  -0.3968419  -1.6634273   0.1176055
   0.8016624  -0.7963267   1.9244159  -0.0945803   1.2286874   0.1342566   0.6767049  -0.2049278  -1.7204182  -0.4126846
  -0.9793376  -1.7389883  -0.1684122   0.1968915  -1.6506402  -0.6799405  -1.3542138   0.5390083  -0.5984750  -0.7319537
   1.9750001   0.5190390   1.2857995   0.3109945   0.2053347  -0.1386687  -0.6216870  -1.4682218   0.7703235   1.2473077
  -0.0890965   0.6333843  -1.1089095   2.5511362  -1.7916695   1.4535920  -0.6264696  -0.8805884  -1.6436529   1.4455546
   0.6926004  -0.7891176   1.6397324   0.4762058   1.1347587  -0.3916062   0.6574017  -0.0177789  -0.2054649   0.7140664

